115
116
118
119
119
120
121
123
123
124
125
126
127
127
128
130
131
133
135
135
137
139
140
141
142
143
143
145
147
147
148
150
151
152
153
154
155
156
156
158
159
159
159
161
163
163
164
166
167
167
168
169
171
172
172
173
174
175
175
176
177
177
179
179
180
181
182
183
183
184
184
185
185
187
187
188
188
188
189
190
190
191
191
191
192
192
193
195
195
195
196
197
198
199
199
199
199
199
200
200
201
201
202
203
203
203
203
204
204
204
204
204
204
204
204
204
206
204
204
203
201
200
200
199
199
198
198
196
196
196
195
195
195
195
193
193
193
193
192
192
192
192
192
192
192
192
192
192
192
192
191
190
188
188
188
187
187
186
185
185
184
184
184
184
184
183
183
182
182
182
181
180
180
180
180
179
179
179
179
179
179
179
178
178
177
177
177
177
177
177
177
176
176
176
176
176
176
176
176
176
176
176
176
176
176
176
176
176
176
176
176
176
176
176
176
176
176
176
176
176
176
175
175
175
174
174
174
174
173
172
172
172
172
172
172
172
172
172
172
172
171
171
171
171
171
171
171
171
170